# transform file /usr/local/freesurfer/subjects/3134/mri/transforms/cc_up.lta
# created by ubuntu on Mon Jan 22 07:27:08 2018

type      = 0 # LINEAR_VOX_TO_VOX
nxforms   = 1
mean      = 128.0000 120.0000 117.0000
sigma     = 10000.0000
1 4 4
9.933609366416931e-01 1.122430562973022e-01 2.520940452814102e-02 -1.438579940795898e+01 
-1.122069284319878e-01 9.936807751655579e-01 -2.847575116902590e-03 3.740936279296875e+01 
-2.536972053349018e-02 2.328306436538696e-10 9.996781349182129e-01 3.830263137817383e+01 
0.000000000000000e+00 0.000000000000000e+00 0.000000000000000e+00 1.000000000000000e+00 
src volume info
valid = 1  # volume info valid
filename = /usr/local/freesurfer/subjects/3134/mri/norm.mgz
volume = 256 256 256
voxelsize = 1.000000000000000e+00 1.000000000000000e+00 1.000000000000000e+00
xras   = -1.000000000000000e+00 0.000000000000000e+00 0.000000000000000e+00
yras   = 0.000000000000000e+00 0.000000000000000e+00 -1.000000000000000e+00
zras   = 0.000000000000000e+00 1.000000000000000e+00 0.000000000000000e+00
cras   = 2.045301208496094e+02 2.671024169921875e+02 5.235662841796875e+02
dst volume info
valid = 1  # volume info valid
filename = /usr/local/freesurfer/subjects/3134/mri/norm.mgz
volume = 256 256 256
voxelsize = 1.000000000000000e+00 1.000000000000000e+00 1.000000000000000e+00
xras   = -1.000000000000000e+00 0.000000000000000e+00 0.000000000000000e+00
yras   = 0.000000000000000e+00 0.000000000000000e+00 -1.000000000000000e+00
zras   = 0.000000000000000e+00 1.000000000000000e+00 0.000000000000000e+00
cras   = 2.045301208496094e+02 2.671024169921875e+02 5.235662841796875e+02
