# transform file /usr/local/freesurfer/subjects/3788/mri/transforms/cc_up.lta
# created by ubuntu on Sat Jan 27 10:07:45 2018

type      = 0 # LINEAR_VOX_TO_VOX
nxforms   = 1
mean      = 130.0000 99.0000 113.0000
sigma     = 10000.0000
1 4 4
9.998018741607666e-01 1.986348070204258e-02 -1.280902186408639e-03 -2.533197402954102e+00 
-1.986346393823624e-02 9.998027086257935e-01 2.544819653849117e-05 5.455849075317383e+01 
1.281154924072325e-03 0.000000000000000e+00 9.999992251396179e-01 2.083585929870605e+01 
0.000000000000000e+00 0.000000000000000e+00 0.000000000000000e+00 1.000000000000000e+00 
src volume info
valid = 1  # volume info valid
filename = /usr/local/freesurfer/subjects/3788/mri/norm.mgz
volume = 256 256 256
voxelsize = 1.000000000000000e+00 1.000000000000000e+00 1.000000000000000e+00
xras   = -1.000000000000000e+00 0.000000000000000e+00 0.000000000000000e+00
yras   = 0.000000000000000e+00 0.000000000000000e+00 -1.000000000000000e+00
zras   = 0.000000000000000e+00 1.000000000000000e+00 0.000000000000000e+00
cras   = 1.998072204589844e+02 2.698012084960938e+02 5.363854980468750e+02
dst volume info
valid = 1  # volume info valid
filename = /usr/local/freesurfer/subjects/3788/mri/norm.mgz
volume = 256 256 256
voxelsize = 1.000000000000000e+00 1.000000000000000e+00 1.000000000000000e+00
xras   = -1.000000000000000e+00 0.000000000000000e+00 0.000000000000000e+00
yras   = 0.000000000000000e+00 0.000000000000000e+00 -1.000000000000000e+00
zras   = 0.000000000000000e+00 1.000000000000000e+00 0.000000000000000e+00
cras   = 1.998072204589844e+02 2.698012084960938e+02 5.363854980468750e+02
