# transform file /usr/local/freesurfer/subjects/3157/mri/transforms/cc_up.lta
# created by ubuntu on Mon Jan 22 07:28:07 2018

type      = 0 # LINEAR_VOX_TO_VOX
nxforms   = 1
mean      = 128.0000 111.0000 126.0000
sigma     = 10000.0000
1 4 4
9.998970627784729e-01 6.809665355831385e-03 -1.262866426259279e-02 5.134569406509399e-01 
-6.809122394770384e-03 9.999768137931824e-01 8.599896682426333e-05 3.386595535278320e+01 
1.262895762920380e-02 7.275957614183426e-12 9.999202489852905e-01 1.838936805725098e+01 
0.000000000000000e+00 0.000000000000000e+00 0.000000000000000e+00 1.000000000000000e+00 
src volume info
valid = 1  # volume info valid
filename = /usr/local/freesurfer/subjects/3157/mri/norm.mgz
volume = 256 256 256
voxelsize = 1.000000000000000e+00 1.000000000000000e+00 1.000000000000000e+00
xras   = -1.000000000000000e+00 0.000000000000000e+00 0.000000000000000e+00
yras   = 0.000000000000000e+00 0.000000000000000e+00 -1.000000000000000e+00
zras   = 0.000000000000000e+00 1.000000000000000e+00 0.000000000000000e+00
cras   = 1.666946716308594e+02 2.813130798339844e+02 5.050629882812500e+02
dst volume info
valid = 1  # volume info valid
filename = /usr/local/freesurfer/subjects/3157/mri/norm.mgz
volume = 256 256 256
voxelsize = 1.000000000000000e+00 1.000000000000000e+00 1.000000000000000e+00
xras   = -1.000000000000000e+00 0.000000000000000e+00 0.000000000000000e+00
yras   = 0.000000000000000e+00 0.000000000000000e+00 -1.000000000000000e+00
zras   = 0.000000000000000e+00 1.000000000000000e+00 0.000000000000000e+00
cras   = 1.666946716308594e+02 2.813130798339844e+02 5.050629882812500e+02
