# transform file /usr/local/freesurfer/subjects/3469/mri/transforms/cc_up.lta
# created by ubuntu on Fri Jan 26 07:06:23 2018

type      = 0 # LINEAR_VOX_TO_VOX
nxforms   = 1
mean      = 130.0000 120.0000 115.0000
sigma     = 10000.0000
1 4 4
9.998167753219604e-01 -1.908890902996063e-02 -1.436035963706672e-03 8.133153319358826e-01 
1.908888854086399e-02 9.998178482055664e-01 -2.741735261224676e-05 2.055256652832031e+01 
1.436297665350139e-03 -1.818989403545856e-12 9.999989867210388e-01 2.581430244445801e+01 
0.000000000000000e+00 0.000000000000000e+00 0.000000000000000e+00 1.000000000000000e+00 
src volume info
valid = 1  # volume info valid
filename = /usr/local/freesurfer/subjects/3469/mri/norm.mgz
volume = 256 256 256
voxelsize = 1.000000000000000e+00 1.000000000000000e+00 1.000000000000000e+00
xras   = -9.999999403953552e-01 0.000000000000000e+00 0.000000000000000e+00
yras   = 0.000000000000000e+00 0.000000000000000e+00 -9.999999403953552e-01
zras   = 0.000000000000000e+00 9.999999403953552e-01 0.000000000000000e+00
cras   = 1.786566467285156e+02 2.950001831054688e+02 4.992775878906250e+02
dst volume info
valid = 1  # volume info valid
filename = /usr/local/freesurfer/subjects/3469/mri/norm.mgz
volume = 256 256 256
voxelsize = 1.000000000000000e+00 1.000000000000000e+00 1.000000000000000e+00
xras   = -9.999999403953552e-01 0.000000000000000e+00 0.000000000000000e+00
yras   = 0.000000000000000e+00 0.000000000000000e+00 -9.999999403953552e-01
zras   = 0.000000000000000e+00 9.999999403953552e-01 0.000000000000000e+00
cras   = 1.786566467285156e+02 2.950001831054688e+02 4.992775878906250e+02
