# transform file /usr/local/freesurfer/subjects/3156/mri/transforms/cc_up.lta
# created by ubuntu on Mon Jan 22 07:08:30 2018

type      = 0 # LINEAR_VOX_TO_VOX
nxforms   = 1
mean      = 132.0000 122.0000 126.0000
sigma     = 10000.0000
1 4 4
9.986271858215332e-01 -2.784455940127373e-02 4.436683282256126e-02 -6.487613916397095e-01 
2.781711891293526e-02 9.996122717857361e-01 1.235853997059166e-03 2.735096549987793e+01 
-4.438403993844986e-02 1.164153218269348e-10 9.990145564079285e-01 3.178168296813965e+01 
0.000000000000000e+00 0.000000000000000e+00 0.000000000000000e+00 1.000000000000000e+00 
src volume info
valid = 1  # volume info valid
filename = /usr/local/freesurfer/subjects/3156/mri/norm.mgz
volume = 256 256 256
voxelsize = 1.000000000000000e+00 1.000000000000000e+00 1.000000000000000e+00
xras   = -1.000000000000000e+00 0.000000000000000e+00 0.000000000000000e+00
yras   = 0.000000000000000e+00 0.000000000000000e+00 -1.000000000000000e+00
zras   = 0.000000000000000e+00 1.000000000000000e+00 0.000000000000000e+00
cras   = 2.069711914062500e+02 2.999561767578125e+02 5.288292846679688e+02
dst volume info
valid = 1  # volume info valid
filename = /usr/local/freesurfer/subjects/3156/mri/norm.mgz
volume = 256 256 256
voxelsize = 1.000000000000000e+00 1.000000000000000e+00 1.000000000000000e+00
xras   = -1.000000000000000e+00 0.000000000000000e+00 0.000000000000000e+00
yras   = 0.000000000000000e+00 0.000000000000000e+00 -1.000000000000000e+00
zras   = 0.000000000000000e+00 1.000000000000000e+00 0.000000000000000e+00
cras   = 2.069711914062500e+02 2.999561767578125e+02 5.288292846679688e+02
