# transform file /usr/local/freesurfer/subjects/3310/mri/transforms/cc_up.lta
# created by ubuntu on Thu Jan 25 03:01:18 2018

type      = 0 # LINEAR_VOX_TO_VOX
nxforms   = 1
mean      = 129.0000 109.0000 108.0000
sigma     = 10000.0000
1 4 4
9.997693896293640e-01 1.926996372640133e-02 -9.479041211307049e-03 -1.063317775726318e+00 
-1.926909759640694e-02 9.998143315315247e-01 1.826946972869337e-04 3.046894264221191e+01 
9.480801410973072e-03 0.000000000000000e+00 9.999551177024841e-01 3.879041290283203e+01 
0.000000000000000e+00 0.000000000000000e+00 0.000000000000000e+00 1.000000000000000e+00 
src volume info
valid = 1  # volume info valid
filename = /usr/local/freesurfer/subjects/3310/mri/norm.mgz
volume = 256 256 256
voxelsize = 1.000000000000000e+00 1.000000000000000e+00 1.000000000000000e+00
xras   = -1.000000000000000e+00 0.000000000000000e+00 0.000000000000000e+00
yras   = 0.000000000000000e+00 0.000000000000000e+00 -1.000000000000000e+00
zras   = 0.000000000000000e+00 1.000000000000000e+00 0.000000000000000e+00
cras   = 1.922711791992188e+02 2.684326477050781e+02 5.281884155273438e+02
dst volume info
valid = 1  # volume info valid
filename = /usr/local/freesurfer/subjects/3310/mri/norm.mgz
volume = 256 256 256
voxelsize = 1.000000000000000e+00 1.000000000000000e+00 1.000000000000000e+00
xras   = -1.000000000000000e+00 0.000000000000000e+00 0.000000000000000e+00
yras   = 0.000000000000000e+00 0.000000000000000e+00 -1.000000000000000e+00
zras   = 0.000000000000000e+00 1.000000000000000e+00 0.000000000000000e+00
cras   = 1.922711791992188e+02 2.684326477050781e+02 5.281884155273438e+02
