# transform file /usr/local/freesurfer/subjects/3789/mri/transforms/cc_up.lta
# created by ubuntu on Sat Jan 27 09:57:21 2018

type      = 0 # LINEAR_VOX_TO_VOX
nxforms   = 1
mean      = 129.0000 104.0000 119.0000
sigma     = 10000.0000
1 4 4
9.997899532318115e-01 6.718986667692661e-03 1.936635375022888e-02 -2.770567417144775e+00 
-6.717726588249207e-03 9.999775290489197e-01 -1.301252050325274e-04 4.687680053710938e+01 
-1.936678960919380e-02 1.455191696309033e-11 9.998124837875366e-01 1.450070762634277e+01 
0.000000000000000e+00 0.000000000000000e+00 0.000000000000000e+00 1.000000000000000e+00 
src volume info
valid = 1  # volume info valid
filename = /usr/local/freesurfer/subjects/3789/mri/norm.mgz
volume = 256 256 256
voxelsize = 1.000000000000000e+00 1.000000000000000e+00 1.000000000000000e+00
xras   = -1.000000000000000e+00 0.000000000000000e+00 0.000000000000000e+00
yras   = 0.000000000000000e+00 0.000000000000000e+00 -1.000000000000000e+00
zras   = 0.000000000000000e+00 1.000000000000000e+00 0.000000000000000e+00
cras   = 2.107055969238281e+02 2.900019531250000e+02 4.942185058593750e+02
dst volume info
valid = 1  # volume info valid
filename = /usr/local/freesurfer/subjects/3789/mri/norm.mgz
volume = 256 256 256
voxelsize = 1.000000000000000e+00 1.000000000000000e+00 1.000000000000000e+00
xras   = -1.000000000000000e+00 0.000000000000000e+00 0.000000000000000e+00
yras   = 0.000000000000000e+00 0.000000000000000e+00 -1.000000000000000e+00
zras   = 0.000000000000000e+00 1.000000000000000e+00 0.000000000000000e+00
cras   = 2.107055969238281e+02 2.900019531250000e+02 4.942185058593750e+02
