# transform file /usr/local/freesurfer/subjects/3768/mri/transforms/cc_up.lta
# created by ubuntu on Sat Jan 27 09:54:49 2018

type      = 0 # LINEAR_VOX_TO_VOX
nxforms   = 1
mean      = 129.0000 126.0000 123.0000
sigma     = 10000.0000
1 4 4
9.990352392196655e-01 4.358979687094688e-02 -5.356141366064548e-03 -2.278177261352539e+00 
-4.358917102217674e-02 9.990496039390564e-01 2.336952311452478e-04 2.862793159484863e+01 
5.361237097531557e-03 0.000000000000000e+00 9.999856352806091e-01 1.631847763061523e+01 
0.000000000000000e+00 0.000000000000000e+00 0.000000000000000e+00 1.000000000000000e+00 
src volume info
valid = 1  # volume info valid
filename = /usr/local/freesurfer/subjects/3768/mri/norm.mgz
volume = 256 256 256
voxelsize = 1.000000000000000e+00 1.000000000000000e+00 1.000000000000000e+00
xras   = -1.000000000000000e+00 0.000000000000000e+00 0.000000000000000e+00
yras   = 0.000000000000000e+00 0.000000000000000e+00 -1.000000000000000e+00
zras   = 0.000000000000000e+00 1.000000000000000e+00 0.000000000000000e+00
cras   = 1.987565917968750e+02 2.714309082031250e+02 5.336305541992188e+02
dst volume info
valid = 1  # volume info valid
filename = /usr/local/freesurfer/subjects/3768/mri/norm.mgz
volume = 256 256 256
voxelsize = 1.000000000000000e+00 1.000000000000000e+00 1.000000000000000e+00
xras   = -1.000000000000000e+00 0.000000000000000e+00 0.000000000000000e+00
yras   = 0.000000000000000e+00 0.000000000000000e+00 -1.000000000000000e+00
zras   = 0.000000000000000e+00 1.000000000000000e+00 0.000000000000000e+00
cras   = 1.987565917968750e+02 2.714309082031250e+02 5.336305541992188e+02
