# transform file /usr/local/freesurfer/subjects/3625/mri/transforms/cc_up.lta
# created by ubuntu on Tue Jan 23 12:52:17 2018

type      = 0 # LINEAR_VOX_TO_VOX
nxforms   = 1
mean      = 127.0000 105.0000 125.0000
sigma     = 10000.0000
1 4 4
9.995238780975342e-01 1.875291462056339e-03 3.080013208091259e-02 -2.628336668014526e+00 
-1.874401816166937e-03 9.999983310699463e-01 -5.775932731921785e-05 4.424481582641602e+01 
-3.080018423497677e-02 3.637979240772582e-12 9.995256066322327e-01 2.396917915344238e+01 
0.000000000000000e+00 0.000000000000000e+00 0.000000000000000e+00 1.000000000000000e+00 
src volume info
valid = 1  # volume info valid
filename = /usr/local/freesurfer/subjects/3625/mri/norm.mgz
volume = 256 256 256
voxelsize = 1.000000000000000e+00 1.000000000000000e+00 1.000000000000000e+00
xras   = -1.000000000000000e+00 0.000000000000000e+00 0.000000000000000e+00
yras   = 0.000000000000000e+00 0.000000000000000e+00 -1.000000000000000e+00
zras   = 0.000000000000000e+00 1.000000000000000e+00 0.000000000000000e+00
cras   = 2.248854064941406e+02 2.961656494140625e+02 5.283970947265625e+02
dst volume info
valid = 1  # volume info valid
filename = /usr/local/freesurfer/subjects/3625/mri/norm.mgz
volume = 256 256 256
voxelsize = 1.000000000000000e+00 1.000000000000000e+00 1.000000000000000e+00
xras   = -1.000000000000000e+00 0.000000000000000e+00 0.000000000000000e+00
yras   = 0.000000000000000e+00 0.000000000000000e+00 -1.000000000000000e+00
zras   = 0.000000000000000e+00 1.000000000000000e+00 0.000000000000000e+00
cras   = 2.248854064941406e+02 2.961656494140625e+02 5.283970947265625e+02
