# transform file /usr/local/freesurfer/subjects/3472/mri/transforms/cc_up.lta
# created by ubuntu on Fri Jan 26 06:40:26 2018

type      = 0 # LINEAR_VOX_TO_VOX
nxforms   = 1
mean      = 129.0000 110.0000 112.0000
sigma     = 10000.0000
1 4 4
9.981744289398193e-01 -5.466958135366440e-02 2.567181922495365e-02 3.426662206649780e+00 
5.465150997042656e-02 9.985044598579407e-01 1.405569608323276e-03 3.304763412475586e+01 
-2.571026980876923e-02 0.000000000000000e+00 9.996694922447205e-01 2.129621887207031e+01 
0.000000000000000e+00 0.000000000000000e+00 0.000000000000000e+00 1.000000000000000e+00 
src volume info
valid = 1  # volume info valid
filename = /usr/local/freesurfer/subjects/3472/mri/norm.mgz
volume = 256 256 256
voxelsize = 1.000000000000000e+00 1.000000000000000e+00 1.000000000000000e+00
xras   = -9.999999403953552e-01 0.000000000000000e+00 0.000000000000000e+00
yras   = 0.000000000000000e+00 0.000000000000000e+00 -9.999999403953552e-01
zras   = 0.000000000000000e+00 9.999999403953552e-01 0.000000000000000e+00
cras   = 1.692051544189453e+02 2.950001831054688e+02 5.125400390625000e+02
dst volume info
valid = 1  # volume info valid
filename = /usr/local/freesurfer/subjects/3472/mri/norm.mgz
volume = 256 256 256
voxelsize = 1.000000000000000e+00 1.000000000000000e+00 1.000000000000000e+00
xras   = -9.999999403953552e-01 0.000000000000000e+00 0.000000000000000e+00
yras   = 0.000000000000000e+00 0.000000000000000e+00 -9.999999403953552e-01
zras   = 0.000000000000000e+00 9.999999403953552e-01 0.000000000000000e+00
cras   = 1.692051544189453e+02 2.950001831054688e+02 5.125400390625000e+02
