# transform file /usr/local/freesurfer/subjects/3154/mri/transforms/cc_up.lta
# created by ubuntu on Mon Jan 22 07:33:31 2018

type      = 0 # LINEAR_VOX_TO_VOX
nxforms   = 1
mean      = 132.0000 98.0000 114.0000
sigma     = 10000.0000
1 4 4
9.998622536659241e-01 -9.103062329813838e-04 1.657865196466446e-02 -3.597545623779297e+00 
9.101811447180808e-04 9.999996423721313e-01 1.509165576862870e-05 4.488017654418945e+01 
-1.657865755259991e-02 0.000000000000000e+00 9.998626708984375e-01 2.816923904418945e+01 
0.000000000000000e+00 0.000000000000000e+00 0.000000000000000e+00 1.000000000000000e+00 
src volume info
valid = 1  # volume info valid
filename = /usr/local/freesurfer/subjects/3154/mri/norm.mgz
volume = 256 256 256
voxelsize = 1.000000000000000e+00 1.000000000000000e+00 1.000000000000000e+00
xras   = -1.000000000000000e+00 0.000000000000000e+00 0.000000000000000e+00
yras   = 0.000000000000000e+00 0.000000000000000e+00 -1.000000000000000e+00
zras   = 0.000000000000000e+00 1.000000000000000e+00 0.000000000000000e+00
cras   = 2.112162170410156e+02 2.912607421875000e+02 5.268631591796875e+02
dst volume info
valid = 1  # volume info valid
filename = /usr/local/freesurfer/subjects/3154/mri/norm.mgz
volume = 256 256 256
voxelsize = 1.000000000000000e+00 1.000000000000000e+00 1.000000000000000e+00
xras   = -1.000000000000000e+00 0.000000000000000e+00 0.000000000000000e+00
yras   = 0.000000000000000e+00 0.000000000000000e+00 -1.000000000000000e+00
zras   = 0.000000000000000e+00 1.000000000000000e+00 0.000000000000000e+00
cras   = 2.112162170410156e+02 2.912607421875000e+02 5.268631591796875e+02
