# transform file /usr/local/freesurfer/subjects/3328/mri/transforms/cc_up.lta
# created by ubuntu on Thu Jan 25 03:09:50 2018

type      = 0 # LINEAR_VOX_TO_VOX
nxforms   = 1
mean      = 129.0000 117.0000 114.0000
sigma     = 10000.0000
1 4 4
9.950445890426636e-01 9.155383706092834e-02 3.878566995263100e-02 -1.387726402282715e+01 
-9.148436039686203e-02 9.958001971244812e-01 -3.565953345969319e-03 3.660556030273438e+01 
-3.894925117492676e-02 2.328306714094452e-10 9.992412924766541e-01 3.010261344909668e+01 
0.000000000000000e+00 0.000000000000000e+00 0.000000000000000e+00 1.000000000000000e+00 
src volume info
valid = 1  # volume info valid
filename = /usr/local/freesurfer/subjects/3328/mri/norm.mgz
volume = 256 256 256
voxelsize = 1.000000000000000e+00 1.000000000000000e+00 1.000000000000000e+00
xras   = -1.000000000000000e+00 0.000000000000000e+00 0.000000000000000e+00
yras   = 0.000000000000000e+00 0.000000000000000e+00 -1.000000000000000e+00
zras   = 0.000000000000000e+00 1.000000000000000e+00 0.000000000000000e+00
cras   = 1.957770690917969e+02 2.550117340087891e+02 5.255257568359375e+02
dst volume info
valid = 1  # volume info valid
filename = /usr/local/freesurfer/subjects/3328/mri/norm.mgz
volume = 256 256 256
voxelsize = 1.000000000000000e+00 1.000000000000000e+00 1.000000000000000e+00
xras   = -1.000000000000000e+00 0.000000000000000e+00 0.000000000000000e+00
yras   = 0.000000000000000e+00 0.000000000000000e+00 -1.000000000000000e+00
zras   = 0.000000000000000e+00 1.000000000000000e+00 0.000000000000000e+00
cras   = 1.957770690917969e+02 2.550117340087891e+02 5.255257568359375e+02
