# transform file /usr/local/freesurfer/subjects/3166/mri/transforms/cc_up.lta
# created by ubuntu on Mon Jan 22 08:24:57 2018

type      = 0 # LINEAR_VOX_TO_VOX
nxforms   = 1
mean      = 129.0000 121.0000 122.0000
sigma     = 10000.0000
1 4 4
9.999585747718811e-01 -3.240566002205014e-03 -8.509374223649502e-03 2.335508346557617e+00 
3.240448655560613e-03 9.999948143959045e-01 -2.757533366093412e-05 2.958901786804199e+01 
8.509418927133083e-03 1.818989403545856e-12 9.999638199806213e-01 7.915108680725098e+00 
0.000000000000000e+00 0.000000000000000e+00 0.000000000000000e+00 1.000000000000000e+00 
src volume info
valid = 1  # volume info valid
filename = /usr/local/freesurfer/subjects/3166/mri/norm.mgz
volume = 256 256 256
voxelsize = 1.000000000000000e+00 1.000000000000000e+00 1.000000000000000e+00
xras   = -1.000000000000000e+00 0.000000000000000e+00 0.000000000000000e+00
yras   = 0.000000000000000e+00 0.000000000000000e+00 -1.000000000000000e+00
zras   = 0.000000000000000e+00 1.000000000000000e+00 0.000000000000000e+00
cras   = 2.139952697753906e+02 2.816093750000000e+02 5.048837890625000e+02
dst volume info
valid = 1  # volume info valid
filename = /usr/local/freesurfer/subjects/3166/mri/norm.mgz
volume = 256 256 256
voxelsize = 1.000000000000000e+00 1.000000000000000e+00 1.000000000000000e+00
xras   = -1.000000000000000e+00 0.000000000000000e+00 0.000000000000000e+00
yras   = 0.000000000000000e+00 0.000000000000000e+00 -1.000000000000000e+00
zras   = 0.000000000000000e+00 1.000000000000000e+00 0.000000000000000e+00
cras   = 2.139952697753906e+02 2.816093750000000e+02 5.048837890625000e+02
