# transform file /usr/local/freesurfer/subjects/3608/mri/transforms/cc_up.lta
# created by ubuntu on Tue Jan 23 12:46:42 2018

type      = 0 # LINEAR_VOX_TO_VOX
nxforms   = 1
mean      = 130.0000 123.0000 115.0000
sigma     = 10000.0000
1 4 4
9.979527592658997e-01 -4.891630262136459e-02 4.120336472988129e-02 2.459135770797729e+00 
4.887466132640839e-02 9.988029599189758e-01 2.017931547015905e-03 1.963145065307617e+01 
-4.125275090336800e-02 0.000000000000000e+00 9.991488456726074e-01 2.838900566101074e+01 
0.000000000000000e+00 0.000000000000000e+00 0.000000000000000e+00 1.000000000000000e+00 
src volume info
valid = 1  # volume info valid
filename = /usr/local/freesurfer/subjects/3608/mri/norm.mgz
volume = 256 256 256
voxelsize = 1.000000000000000e+00 1.000000000000000e+00 1.000000000000000e+00
xras   = -1.000000000000000e+00 0.000000000000000e+00 0.000000000000000e+00
yras   = 0.000000000000000e+00 0.000000000000000e+00 -1.000000000000000e+00
zras   = 0.000000000000000e+00 1.000000000000000e+00 0.000000000000000e+00
cras   = 2.360024566650391e+02 2.947106628417969e+02 5.429249267578125e+02
dst volume info
valid = 1  # volume info valid
filename = /usr/local/freesurfer/subjects/3608/mri/norm.mgz
volume = 256 256 256
voxelsize = 1.000000000000000e+00 1.000000000000000e+00 1.000000000000000e+00
xras   = -1.000000000000000e+00 0.000000000000000e+00 0.000000000000000e+00
yras   = 0.000000000000000e+00 0.000000000000000e+00 -1.000000000000000e+00
zras   = 0.000000000000000e+00 1.000000000000000e+00 0.000000000000000e+00
cras   = 2.360024566650391e+02 2.947106628417969e+02 5.429249267578125e+02
