# transform file /usr/local/freesurfer/subjects/3361/mri/transforms/cc_up.lta
# created by ubuntu on Thu Jan 25 03:25:02 2018

type      = 0 # LINEAR_VOX_TO_VOX
nxforms   = 1
mean      = 128.0000 133.0000 121.0000
sigma     = 10000.0000
1 4 4
9.995083808898926e-01 -7.973996689543128e-04 3.134269639849663e-02 -1.698871374130249e+00 
7.970078731887043e-04 9.999996423721313e-01 2.499266520317178e-05 1.489574909210205e+01 
-3.134270384907722e-02 -1.818989403545856e-12 9.995087385177612e-01 2.905067062377930e+01 
0.000000000000000e+00 0.000000000000000e+00 0.000000000000000e+00 1.000000000000000e+00 
src volume info
valid = 1  # volume info valid
filename = /usr/local/freesurfer/subjects/3361/mri/norm.mgz
volume = 256 256 256
voxelsize = 1.000000000000000e+00 1.000000000000000e+00 1.000000000000000e+00
xras   = -1.000000000000000e+00 0.000000000000000e+00 0.000000000000000e+00
yras   = 0.000000000000000e+00 0.000000000000000e+00 -1.000000000000000e+00
zras   = 0.000000000000000e+00 1.000000000000000e+00 0.000000000000000e+00
cras   = 2.351457519531250e+02 2.985115966796875e+02 5.325415649414062e+02
dst volume info
valid = 1  # volume info valid
filename = /usr/local/freesurfer/subjects/3361/mri/norm.mgz
volume = 256 256 256
voxelsize = 1.000000000000000e+00 1.000000000000000e+00 1.000000000000000e+00
xras   = -1.000000000000000e+00 0.000000000000000e+00 0.000000000000000e+00
yras   = 0.000000000000000e+00 0.000000000000000e+00 -1.000000000000000e+00
zras   = 0.000000000000000e+00 1.000000000000000e+00 0.000000000000000e+00
cras   = 2.351457519531250e+02 2.985115966796875e+02 5.325415649414062e+02
