# transform file /usr/local/freesurfer/subjects/3323/mri/transforms/cc_up.lta
# created by ubuntu on Thu Jan 25 03:49:29 2018

type      = 0 # LINEAR_VOX_TO_VOX
nxforms   = 1
mean      = 127.0000 123.0000 112.0000
sigma     = 10000.0000
1 4 4
9.998067617416382e-01 1.106923166662455e-02 -1.624521054327488e-02 7.148752808570862e-01 
-1.106777042150497e-02 9.999387264251709e-01 1.798329903976992e-04 1.640210533142090e+01 
1.624620705842972e-02 1.455191522836685e-11 9.998679757118225e-01 4.494134140014648e+01 
0.000000000000000e+00 0.000000000000000e+00 0.000000000000000e+00 1.000000000000000e+00 
src volume info
valid = 1  # volume info valid
filename = /usr/local/freesurfer/subjects/3323/mri/norm.mgz
volume = 256 256 256
voxelsize = 1.000000000000000e+00 1.000000000000000e+00 1.000000000000000e+00
xras   = -1.000000000000000e+00 0.000000000000000e+00 0.000000000000000e+00
yras   = 0.000000000000000e+00 0.000000000000000e+00 -1.000000000000000e+00
zras   = 0.000000000000000e+00 1.000000000000000e+00 0.000000000000000e+00
cras   = 2.346907043457031e+02 2.631808471679688e+02 5.326411132812500e+02
dst volume info
valid = 1  # volume info valid
filename = /usr/local/freesurfer/subjects/3323/mri/norm.mgz
volume = 256 256 256
voxelsize = 1.000000000000000e+00 1.000000000000000e+00 1.000000000000000e+00
xras   = -1.000000000000000e+00 0.000000000000000e+00 0.000000000000000e+00
yras   = 0.000000000000000e+00 0.000000000000000e+00 -1.000000000000000e+00
zras   = 0.000000000000000e+00 1.000000000000000e+00 0.000000000000000e+00
cras   = 2.346907043457031e+02 2.631808471679688e+02 5.326411132812500e+02
