# transform file /usr/local/freesurfer/subjects/3301/mri/transforms/cc_up.lta
# created by ubuntu on Thu Jan 25 02:50:33 2018

type      = 0 # LINEAR_VOX_TO_VOX
nxforms   = 1
mean      = 128.0000 117.0000 124.0000
sigma     = 10000.0000
1 4 4
9.990406036376953e-01 -2.883446030318737e-02 -3.296084329485893e-02 7.668064117431641e+00 
2.881878055632114e-02 9.995841979980469e-01 -9.508034563623369e-04 2.548766899108887e+01 
3.297455236315727e-02 0.000000000000000e+00 9.994561672210693e-01 1.187313652038574e+01 
0.000000000000000e+00 0.000000000000000e+00 0.000000000000000e+00 1.000000000000000e+00 
src volume info
valid = 1  # volume info valid
filename = /usr/local/freesurfer/subjects/3301/mri/norm.mgz
volume = 256 256 256
voxelsize = 1.000000000000000e+00 1.000000000000000e+00 1.000000000000000e+00
xras   = -1.000000000000000e+00 0.000000000000000e+00 0.000000000000000e+00
yras   = 0.000000000000000e+00 0.000000000000000e+00 -1.000000000000000e+00
zras   = 0.000000000000000e+00 1.000000000000000e+00 0.000000000000000e+00
cras   = 2.074576416015625e+02 2.733611145019531e+02 5.311782226562500e+02
dst volume info
valid = 1  # volume info valid
filename = /usr/local/freesurfer/subjects/3301/mri/norm.mgz
volume = 256 256 256
voxelsize = 1.000000000000000e+00 1.000000000000000e+00 1.000000000000000e+00
xras   = -1.000000000000000e+00 0.000000000000000e+00 0.000000000000000e+00
yras   = 0.000000000000000e+00 0.000000000000000e+00 -1.000000000000000e+00
zras   = 0.000000000000000e+00 1.000000000000000e+00 0.000000000000000e+00
cras   = 2.074576416015625e+02 2.733611145019531e+02 5.311782226562500e+02
