# transform file /usr/local/freesurfer/subjects/3473/mri/transforms/cc_up.lta
# created by ubuntu on Tue Jan 23 12:20:16 2018

type      = 0 # LINEAR_VOX_TO_VOX
nxforms   = 1
mean      = 129.0000 113.0000 119.0000
sigma     = 10000.0000
1 4 4
9.984170794487000e-01 -4.261633381247520e-02 3.670373558998108e-02 -5.710933804512024e-01 
4.258756712079048e-02 9.990915060043335e-01 1.565600978210568e-03 2.943122482299805e+01 
-3.673711046576500e-02 1.164153218269348e-10 9.993249177932739e-01 1.479694461822510e+01 
0.000000000000000e+00 0.000000000000000e+00 0.000000000000000e+00 1.000000000000000e+00 
src volume info
valid = 1  # volume info valid
filename = /usr/local/freesurfer/subjects/3473/mri/norm.mgz
volume = 256 256 256
voxelsize = 1.000000000000000e+00 1.000000000000000e+00 1.000000000000000e+00
xras   = -9.999999403953552e-01 0.000000000000000e+00 0.000000000000000e+00
yras   = 0.000000000000000e+00 0.000000000000000e+00 -9.999999403953552e-01
zras   = 0.000000000000000e+00 9.999999403953552e-01 0.000000000000000e+00
cras   = 2.076215515136719e+02 2.914558715820312e+02 5.115166931152344e+02
dst volume info
valid = 1  # volume info valid
filename = /usr/local/freesurfer/subjects/3473/mri/norm.mgz
volume = 256 256 256
voxelsize = 1.000000000000000e+00 1.000000000000000e+00 1.000000000000000e+00
xras   = -9.999999403953552e-01 0.000000000000000e+00 0.000000000000000e+00
yras   = 0.000000000000000e+00 0.000000000000000e+00 -9.999999403953552e-01
zras   = 0.000000000000000e+00 9.999999403953552e-01 0.000000000000000e+00
cras   = 2.076215515136719e+02 2.914558715820312e+02 5.115166931152344e+02
