# transform file /usr/local/freesurfer/subjects/3311/mri/transforms/cc_up.lta
# created by ubuntu on Thu Jan 25 03:10:09 2018

type      = 0 # LINEAR_VOX_TO_VOX
nxforms   = 1
mean      = 128.0000 112.0000 111.0000
sigma     = 10000.0000
1 4 4
9.999142885208130e-01 -8.690198883414268e-03 9.803687222301960e-03 3.580933511257172e-01 
8.689780719578266e-03 9.999623894691467e-01 8.519919356331229e-05 2.688695144653320e+01 
-9.804056957364082e-03 0.000000000000000e+00 9.999520182609558e-01 3.725562286376953e+01 
0.000000000000000e+00 0.000000000000000e+00 0.000000000000000e+00 1.000000000000000e+00 
src volume info
valid = 1  # volume info valid
filename = /usr/local/freesurfer/subjects/3311/mri/norm.mgz
volume = 256 256 256
voxelsize = 1.000000000000000e+00 1.000000000000000e+00 1.000000000000000e+00
xras   = -1.000000000000000e+00 0.000000000000000e+00 0.000000000000000e+00
yras   = 0.000000000000000e+00 0.000000000000000e+00 -1.000000000000000e+00
zras   = 0.000000000000000e+00 1.000000000000000e+00 0.000000000000000e+00
cras   = 2.060806579589844e+02 2.773110351562500e+02 5.310563964843750e+02
dst volume info
valid = 1  # volume info valid
filename = /usr/local/freesurfer/subjects/3311/mri/norm.mgz
volume = 256 256 256
voxelsize = 1.000000000000000e+00 1.000000000000000e+00 1.000000000000000e+00
xras   = -1.000000000000000e+00 0.000000000000000e+00 0.000000000000000e+00
yras   = 0.000000000000000e+00 0.000000000000000e+00 -1.000000000000000e+00
zras   = 0.000000000000000e+00 1.000000000000000e+00 0.000000000000000e+00
cras   = 2.060806579589844e+02 2.773110351562500e+02 5.310563964843750e+02
