# transform file /usr/local/freesurfer/subjects/3777/mri/transforms/cc_up.lta
# created by ubuntu on Sat Jan 27 10:23:10 2018

type      = 0 # LINEAR_VOX_TO_VOX
nxforms   = 1
mean      = 128.0000 115.0000 122.0000
sigma     = 10000.0000
1 4 4
9.988741278648376e-01 -4.166634753346443e-02 2.267963998019695e-02 2.269499301910400e+00 
4.165561124682426e-02 9.991315603256226e-01 9.457991109229624e-04 3.468022918701172e+01 
-2.269935235381126e-02 0.000000000000000e+00 9.997422695159912e-01 1.891167259216309e+01 
0.000000000000000e+00 0.000000000000000e+00 0.000000000000000e+00 1.000000000000000e+00 
src volume info
valid = 1  # volume info valid
filename = /usr/local/freesurfer/subjects/3777/mri/norm.mgz
volume = 256 256 256
voxelsize = 1.000000000000000e+00 1.000000000000000e+00 1.000000000000000e+00
xras   = -1.000000000000000e+00 0.000000000000000e+00 0.000000000000000e+00
yras   = 0.000000000000000e+00 0.000000000000000e+00 -1.000000000000000e+00
zras   = 0.000000000000000e+00 1.000000000000000e+00 0.000000000000000e+00
cras   = 2.332700805664062e+02 2.829672241210938e+02 4.937124023437500e+02
dst volume info
valid = 1  # volume info valid
filename = /usr/local/freesurfer/subjects/3777/mri/norm.mgz
volume = 256 256 256
voxelsize = 1.000000000000000e+00 1.000000000000000e+00 1.000000000000000e+00
xras   = -1.000000000000000e+00 0.000000000000000e+00 0.000000000000000e+00
yras   = 0.000000000000000e+00 0.000000000000000e+00 -1.000000000000000e+00
zras   = 0.000000000000000e+00 1.000000000000000e+00 0.000000000000000e+00
cras   = 2.332700805664062e+02 2.829672241210938e+02 4.937124023437500e+02
