# transform file /usr/local/freesurfer/subjects/3475/mri/transforms/cc_up.lta
# created by ubuntu on Fri Jan 26 07:39:10 2018

type      = 0 # LINEAR_VOX_TO_VOX
nxforms   = 1
mean      = 128.0000 107.0000 114.0000
sigma     = 10000.0000
1 4 4
9.999291300773621e-01 -5.473594181239605e-03 -1.057289633899927e-02 1.071778059005737e+00 
5.473288241773844e-03 9.999849796295166e-01 -5.787261034129187e-05 4.230396270751953e+01 
1.057305466383696e-02 0.000000000000000e+00 9.999441504478455e-01 2.164709472656250e+01 
0.000000000000000e+00 0.000000000000000e+00 0.000000000000000e+00 1.000000000000000e+00 
src volume info
valid = 1  # volume info valid
filename = /usr/local/freesurfer/subjects/3475/mri/norm.mgz
volume = 256 256 256
voxelsize = 1.000000000000000e+00 1.000000000000000e+00 1.000000000000000e+00
xras   = -9.999999403953552e-01 0.000000000000000e+00 0.000000000000000e+00
yras   = 0.000000000000000e+00 0.000000000000000e+00 -9.999999403953552e-01
zras   = 0.000000000000000e+00 9.999999403953552e-01 0.000000000000000e+00
cras   = 1.836728820800781e+02 2.950001831054688e+02 5.084704589843750e+02
dst volume info
valid = 1  # volume info valid
filename = /usr/local/freesurfer/subjects/3475/mri/norm.mgz
volume = 256 256 256
voxelsize = 1.000000000000000e+00 1.000000000000000e+00 1.000000000000000e+00
xras   = -9.999999403953552e-01 0.000000000000000e+00 0.000000000000000e+00
yras   = 0.000000000000000e+00 0.000000000000000e+00 -9.999999403953552e-01
zras   = 0.000000000000000e+00 9.999999403953552e-01 0.000000000000000e+00
cras   = 1.836728820800781e+02 2.950001831054688e+02 5.084704589843750e+02
