# transform file /usr/local/freesurfer/subjects/3666/mri/transforms/cc_up.lta
# created by ubuntu on Tue Jan 23 12:46:12 2018

type      = 0 # LINEAR_VOX_TO_VOX
nxforms   = 1
mean      = 130.0000 134.0000 119.0000
sigma     = 10000.0000
1 4 4
9.986896514892578e-01 1.711512170732021e-02 -4.823011159896851e-02 1.562543392181396e+00 
-1.709519885480404e-02 9.998536109924316e-01 8.255850989371538e-04 1.716488647460938e+01 
4.823717847466469e-02 5.820766091346741e-11 9.988359808921814e-01 1.681575584411621e+01 
0.000000000000000e+00 0.000000000000000e+00 0.000000000000000e+00 1.000000000000000e+00 
src volume info
valid = 1  # volume info valid
filename = /usr/local/freesurfer/subjects/3666/mri/norm.mgz
volume = 256 256 256
voxelsize = 1.000000000000000e+00 1.000000000000000e+00 1.000000000000000e+00
xras   = -1.000000000000000e+00 0.000000000000000e+00 0.000000000000000e+00
yras   = 0.000000000000000e+00 0.000000000000000e+00 -1.000000000000000e+00
zras   = 0.000000000000000e+00 1.000000000000000e+00 0.000000000000000e+00
cras   = 2.112199707031250e+02 2.385718383789062e+02 4.649635620117188e+02
dst volume info
valid = 1  # volume info valid
filename = /usr/local/freesurfer/subjects/3666/mri/norm.mgz
volume = 256 256 256
voxelsize = 1.000000000000000e+00 1.000000000000000e+00 1.000000000000000e+00
xras   = -1.000000000000000e+00 0.000000000000000e+00 0.000000000000000e+00
yras   = 0.000000000000000e+00 0.000000000000000e+00 -1.000000000000000e+00
zras   = 0.000000000000000e+00 1.000000000000000e+00 0.000000000000000e+00
cras   = 2.112199707031250e+02 2.385718383789062e+02 4.649635620117188e+02
