# transform file /usr/local/freesurfer/subjects/3800/mri/transforms/cc_up.lta
# created by ubuntu on Sat Jan 27 10:40:16 2018

type      = 0 # LINEAR_VOX_TO_VOX
nxforms   = 1
mean      = 130.0000 103.0000 108.0000
sigma     = 10000.0000
1 4 4
9.998019933700562e-01 1.545459404587746e-02 1.254179980605841e-02 -3.424458503723145e+00 
-1.545337866991758e-02 9.998806118965149e-01 -1.938515779329464e-04 5.102193069458008e+01 
-1.254329737275839e-02 1.455191696309033e-11 9.999213814735413e-01 3.162579345703125e+01 
0.000000000000000e+00 0.000000000000000e+00 0.000000000000000e+00 1.000000000000000e+00 
src volume info
valid = 1  # volume info valid
filename = /usr/local/freesurfer/subjects/3800/mri/norm.mgz
volume = 256 256 256
voxelsize = 1.000000000000000e+00 1.000000000000000e+00 1.000000000000000e+00
xras   = -1.000000000000000e+00 0.000000000000000e+00 0.000000000000000e+00
yras   = 0.000000000000000e+00 0.000000000000000e+00 -1.000000000000000e+00
zras   = 0.000000000000000e+00 1.000000000000000e+00 0.000000000000000e+00
cras   = 2.075895690917969e+02 2.552397155761719e+02 5.281639404296875e+02
dst volume info
valid = 1  # volume info valid
filename = /usr/local/freesurfer/subjects/3800/mri/norm.mgz
volume = 256 256 256
voxelsize = 1.000000000000000e+00 1.000000000000000e+00 1.000000000000000e+00
xras   = -1.000000000000000e+00 0.000000000000000e+00 0.000000000000000e+00
yras   = 0.000000000000000e+00 0.000000000000000e+00 -1.000000000000000e+00
zras   = 0.000000000000000e+00 1.000000000000000e+00 0.000000000000000e+00
cras   = 2.075895690917969e+02 2.552397155761719e+02 5.281639404296875e+02
