# transform file /usr/local/freesurfer/subjects/3607/mri/transforms/cc_up.lta
# created by ubuntu on Tue Jan 23 12:32:30 2018

type      = 0 # LINEAR_VOX_TO_VOX
nxforms   = 1
mean      = 129.0000 102.0000 118.0000
sigma     = 10000.0000
1 4 4
9.994631409645081e-01 3.156579658389091e-02 8.767474442720413e-03 -3.434459686279297e+00 
-3.156458213925362e-02 9.995015859603882e-01 -2.768903214018792e-04 5.114209747314453e+01 
-8.771846070885658e-03 2.910382698728675e-11 9.999614357948303e-01 2.113573074340820e+01 
0.000000000000000e+00 0.000000000000000e+00 0.000000000000000e+00 1.000000000000000e+00 
src volume info
valid = 1  # volume info valid
filename = /usr/local/freesurfer/subjects/3607/mri/norm.mgz
volume = 256 256 256
voxelsize = 1.000000000000000e+00 1.000000000000000e+00 1.000000000000000e+00
xras   = -1.000000000000000e+00 0.000000000000000e+00 0.000000000000000e+00
yras   = 0.000000000000000e+00 0.000000000000000e+00 -1.000000000000000e+00
zras   = 0.000000000000000e+00 1.000000000000000e+00 0.000000000000000e+00
cras   = 2.165010986328125e+02 2.848889465332031e+02 5.306279907226562e+02
dst volume info
valid = 1  # volume info valid
filename = /usr/local/freesurfer/subjects/3607/mri/norm.mgz
volume = 256 256 256
voxelsize = 1.000000000000000e+00 1.000000000000000e+00 1.000000000000000e+00
xras   = -1.000000000000000e+00 0.000000000000000e+00 0.000000000000000e+00
yras   = 0.000000000000000e+00 0.000000000000000e+00 -1.000000000000000e+00
zras   = 0.000000000000000e+00 1.000000000000000e+00 0.000000000000000e+00
cras   = 2.165010986328125e+02 2.848889465332031e+02 5.306279907226562e+02
