# transform file /usr/local/freesurfer/subjects/3481/mri/transforms/cc_up.lta
# created by ubuntu on Fri Jan 26 07:41:57 2018

type      = 0 # LINEAR_VOX_TO_VOX
nxforms   = 1
mean      = 127.0000 117.0000 119.0000
sigma     = 10000.0000
1 4 4
9.884116053581238e-01 6.117894127964973e-02 -1.389238387346268e-01 1.164745044708252e+01 
-6.058345362544060e-02 9.981268644332886e-01 8.515163324773312e-03 2.893276214599609e+01 
1.391845494508743e-01 0.000000000000000e+00 9.902665615081787e-01 1.659506988525391e+01 
0.000000000000000e+00 0.000000000000000e+00 0.000000000000000e+00 1.000000000000000e+00 
src volume info
valid = 1  # volume info valid
filename = /usr/local/freesurfer/subjects/3481/mri/norm.mgz
volume = 256 256 256
voxelsize = 1.000000000000000e+00 1.000000000000000e+00 1.000000000000000e+00
xras   = -9.999999403953552e-01 0.000000000000000e+00 0.000000000000000e+00
yras   = 0.000000000000000e+00 0.000000000000000e+00 -9.999999403953552e-01
zras   = 0.000000000000000e+00 9.999999403953552e-01 0.000000000000000e+00
cras   = 1.692920989990234e+02 2.879768066406250e+02 5.011504516601562e+02
dst volume info
valid = 1  # volume info valid
filename = /usr/local/freesurfer/subjects/3481/mri/norm.mgz
volume = 256 256 256
voxelsize = 1.000000000000000e+00 1.000000000000000e+00 1.000000000000000e+00
xras   = -9.999999403953552e-01 0.000000000000000e+00 0.000000000000000e+00
yras   = 0.000000000000000e+00 0.000000000000000e+00 -9.999999403953552e-01
zras   = 0.000000000000000e+00 9.999999403953552e-01 0.000000000000000e+00
cras   = 1.692920989990234e+02 2.879768066406250e+02 5.011504516601562e+02
